Entity
{
Vertices: -0.5 0.5 -0.5 -0.5 -0.5 -0.5 0.5 -0.5 -0.5 0.5 0.5 -0.5 -0.5 0.5 0.5 -0.5 -0.5 0.5 0.5 -0.5 0.5 0.5 0.5 0.5 0.5 0.5 -0.5 0.5 -0.5 -0.5 0.5 -0.5 0.5 0.5 0.5 0.5 -0.5 0.5 -0.5 -0.5 -0.5 -0.5 -0.5 -0.5 0.5 -0.5 0.5 0.5 -0.5 0.5 0.5 -0.5 0.5 -0.5 0.5 0.5 -0.5 0.5 0.5 0.5 -0.5 -0.5 0.5 -0.5 -0.5 -0.5 0.5 -0.5 -0.5 0.5 -0.5 0.5 
TexCoords: 0.0 0.0 0.0 1.0 1.0 1.0 1.0 0.0 0.0 0.0 0.0 1.0 1.0 1.0 1.0 0.0 0.0 0.0 0.0 1.0 1.0 1.0 1.0 0.0 0.0 0.0 0.0 1.0 1.0 1.0 1.0 0.0 0.0 0.0 0.0 1.0 1.0 1.0 1.0 0.0 0.0 0.0 0.0 1.0 1.0 1.0 1.0 0.0 
Normals: 0.0 0.0 -1.0 0.0 0.0 -1.0 0.0 0.0 -1.0 0.0 0.0 -1.0 0.0 0.0 1.0 0.0 0.0 1.0 0.0 0.0 1.0 0.0 0.0 1.0 1.0 0.0 0.0 1.0 0.0 0.0 1.0 0.0 0.0 1.0 0.0 0.0 -1.0 0.0 0.0 -1.0 0.0 0.0 -1.0 0.0 0.0 -1.0 0.0 0.0 0.0 1.0 0.0 0.0 1.0 0.0 0.0 1.0 0.0 0.0 1.0 0.0 0.0 -1.0 0.0 0.0 -1.0 0.0 0.0 -1.0 0.0 0.0 -1.0 0.0 
Indices: 0 1 3 3 1 2 4 5 7 7 5 6 8 9 11 11 9 10 12 13 15 15 13 14 16 17 19 19 17 18 20 21 23 23 21 22 
Position: 0.0 0.0 0.0
Rotation: 0.0 0.0 0.0
Scale: 10.0 0.1 10.0
Tint: 1.0 1.0 1.0
Color: 0.0 0.0 0.0
Reflectivity: 0.0
SpecularStrength: 1.0
TexturePath: res/textures/white.png
}
Entity0
{
Vertices: -0.5 0.5 -0.5 -0.5 -0.5 -0.5 0.5 -0.5 -0.5 0.5 0.5 -0.5 -0.5 0.5 0.5 -0.5 -0.5 0.5 0.5 -0.5 0.5 0.5 0.5 0.5 0.5 0.5 -0.5 0.5 -0.5 -0.5 0.5 -0.5 0.5 0.5 0.5 0.5 -0.5 0.5 -0.5 -0.5 -0.5 -0.5 -0.5 -0.5 0.5 -0.5 0.5 0.5 -0.5 0.5 0.5 -0.5 0.5 -0.5 0.5 0.5 -0.5 0.5 0.5 0.5 -0.5 -0.5 0.5 -0.5 -0.5 -0.5 0.5 -0.5 -0.5 0.5 -0.5 0.5 
TexCoords: 0.0 0.0 0.0 1.0 1.0 1.0 1.0 0.0 0.0 0.0 0.0 1.0 1.0 1.0 1.0 0.0 0.0 0.0 0.0 1.0 1.0 1.0 1.0 0.0 0.0 0.0 0.0 1.0 1.0 1.0 1.0 0.0 0.0 0.0 0.0 1.0 1.0 1.0 1.0 0.0 0.0 0.0 0.0 1.0 1.0 1.0 1.0 0.0 
Normals: 0.0 0.0 -1.0 0.0 0.0 -1.0 0.0 0.0 -1.0 0.0 0.0 -1.0 0.0 0.0 1.0 0.0 0.0 1.0 0.0 0.0 1.0 0.0 0.0 1.0 1.0 0.0 0.0 1.0 0.0 0.0 1.0 0.0 0.0 1.0 0.0 0.0 -1.0 0.0 0.0 -1.0 0.0 0.0 -1.0 0.0 0.0 -1.0 0.0 0.0 0.0 1.0 0.0 0.0 1.0 0.0 0.0 1.0 0.0 0.0 1.0 0.0 0.0 -1.0 0.0 0.0 -1.0 0.0 0.0 -1.0 0.0 0.0 -1.0 0.0 
Indices: 0 1 3 3 1 2 4 5 7 7 5 6 8 9 11 11 9 10 12 13 15 15 13 14 16 17 19 19 17 18 20 21 23 23 21 22 
Position: 0.08451448 0.5765649 0.6605695
Rotation: 0.0 0.0 0.0
Scale: 1.0 1.0 1.0
Tint: 0.6901961 0.69803923 0.72156864
Color: 1.0 0.0 0.0
Reflectivity: 0.0
SpecularStrength: 1.0
TexturePath: res/textures/white.png
}
